# Fix print output for fix 5
400   -3.87948930720085
383.450920208778   -3.87734561309559
337.876146383719   -3.87140440572217
274.660220301514   -3.86306503101613
209.702933773526   -3.85436988280209
158.090950500864   -3.84739916675941
129.613101500613   -3.84348069058593
125.480731247542   -3.84269534115261
138.470696785358   -3.84407435041105
158.07282552006   -3.84625179611913
175.450548579008   -3.84808609721928
185.921998505257   -3.8489851736643
189.243917460104   -3.8489354331321
188.385385413034   -3.84833328353227
187.544387053826   -3.84772550019152
190.179317745508   -3.84755533561755
197.748974867888   -3.84800240248061
209.506564391406   -3.84896169855294
223.164284950224   -3.85013323738091
235.952613635562   -3.8511616325309
245.644424274003   -3.85176657437251
251.222835473804   -3.85182566780948
253.006086376372   -3.85138743367724
252.271488306392   -3.85062143376612
250.636721127731   -3.8497381514472
249.511152184048   -3.84891859647133
249.792055417725   -3.84827581863512
251.762382854483   -3.84784404516021
255.101848720547   -3.84757957081364
259.022799327012   -3.84738011703526
262.57584571399   -3.84712412166005
265.084227700619   -3.84672626183682
266.489765411139   -3.84618140098469
267.332738678638   -3.84556030989324
268.342115241487   -3.84495700407498
269.991164446424   -3.84443133054284
272.364269448624   -3.84399323324795
275.273407311788   -3.84361777729011
278.398726026988   -3.84326352789955
281.417666083943   -3.84288969358906
284.170537896548   -3.84247675702373
286.766080252528   -3.84203916170853
289.47810954651   -3.84161233084991
292.505173850622   -3.8412217752226
295.838754917619   -3.84086637126312
299.356418337938   -3.84053018614118
302.996152409215   -3.84020594438382
306.811143018878   -3.83990091446104
310.881237321816   -3.8396258124077
315.169741765846   -3.83937634690193
319.408052851832   -3.83911824811635
323.150280830395   -3.83879571302556
326.040175082992   -3.83836403153111
328.028130842389   -3.83781838645466
329.34582624057   -3.83718913193713
330.369656764559   -3.83652349754104
331.524037248953   -3.83587591563146
333.168016088993   -3.83529142593112
335.420043194864   -3.83478434745434
338.10071576679   -3.83433250636153
340.909015158672   -3.83389719799836
343.669790380992   -3.83345679557587
346.42651519851   -3.8330181185485
349.263227814089   -3.8325926553117
352.0162388207   -3.83215979696647
354.276018926305   -3.83166759067905
355.788055231912   -3.83108425088006
356.788528438102   -3.83043999862906
357.832929509698   -3.82980597774612
359.297992131547   -3.82922912408105
361.109891711057   -3.82869947901723
362.931898486196   -3.82817363626622
364.537951243775   -3.82762373497881
365.99380058424   -3.82705843830603
367.560802837472   -3.82651184291394
369.471680049287   -3.82601342768798
371.768441173246   -3.82556918542744
374.282374219539   -3.82515810360591
376.709657314077   -3.82474198584489
378.745263774532   -3.82428323566893
380.243127159211   -3.82376375095517
381.364808550821   -3.82320451305053
382.57275735622   -3.82266428758512
384.316367512434   -3.82220053874407
386.662225086138   -3.82182095776302
389.266437617665   -3.8214827012045
391.62168190998   -3.8211222491092
393.378508662753   -3.82069628077689
394.573581081022   -3.82021051500369
395.619646425435   -3.81971758471056
397.063859048255   -3.81928761561923
399.224661662946   -3.81896065741294
401.93922676401   -3.81871714945925
404.631041937734   -3.81848447943629
406.623736462913   -3.81817828867981
407.490455191498   -3.81774620054597
407.258239512743   -3.81719092509149
406.409045374041   -3.81657223563855
405.686432417577   -3.81598216133572
405.704754393962   -3.81549592456191
406.613255857987   -3.81513046306303
408.069353247927   -3.81484171430378
409.509488058873   -3.81455884002215
410.581770280596   -3.81423839348326
411.356318439041   -3.81389129578714
412.128978757276   -3.81355572278574
413.221149646989   -3.81327375795123
414.926216098679   -3.81308366430646
417.392387355997   -3.81300713923662
420.482412160177   -3.81302977856061
423.74425191408   -3.81309943601823
426.467543301025   -3.81313031787071
427.959350925843   -3.81303866696499
428.077330244024   -3.81280941586832
427.462909763808   -3.81252485649817
427.043523759232   -3.81230203465996
427.350360622257   -3.81220775388972
428.338224849575   -3.81223595743496
429.652075323613   -3.81234287605975
430.966079623419   -3.8124896175671
432.140433885758   -3.81266120690472
433.181651464424   -3.81286193167195
434.04288780714   -3.81308812461751
434.468657454198   -3.81330861884486
434.126536988937   -3.81348049336847
432.9374814456   -3.81359016794653
431.23821828461   -3.81367561336485
429.594279373671   -3.81380235599318
428.46941565224   -3.81402390688047
427.995506500964   -3.8143526356977
427.961496619428   -3.81475800075482
428.059395807404   -3.81519800904645
428.187091303027   -3.81565817184635
428.4639791646   -3.81615165714755
428.894519268779   -3.81667845294112
429.124355670157   -3.81719195792932
428.647410224698   -3.817624390854
427.266107533428   -3.81794652802244
425.359132512777   -3.81820159754853
423.649932519652   -3.81847750160952
422.699811194888   -3.81884356157823
422.58162771637   -3.81930812489116
422.835229078583   -3.8198132477291
422.709648116998   -3.82026271731567
421.621509521696   -3.82058013545392
419.526928380629   -3.82075654214373
416.964730858084   -3.82085684212959
414.774119622421   -3.82098449908698
413.719818639524   -3.82123541278649
414.177955596961   -3.82165879042734
415.87418197592   -3.8222234140415
417.921300342588   -3.82281966996184
419.343539487623   -3.82332706355015
419.643534697381   -3.82368414210028
418.902232392443   -3.82390157890726
417.491875874561   -3.8240248660762
415.826203206452   -3.82410387930259
414.397416504747   -3.82419863025616
413.835946995761   -3.82438731196805
414.567248926307   -3.82472515477447
416.402676589034   -3.82519074383981
418.714821395388   -3.82570787788016
420.855435641088   -3.82619817075861
422.308308712751   -3.82660048505707
422.759454343673   -3.82687680809235
422.227549957154   -3.82702996711264
421.020748195608   -3.82709725113127
419.477374176895   -3.82711875844887
417.798173521128   -3.82711641326722
416.086299877335   -3.82709891513875
414.426586076189   -3.82707339299418
412.843248419553   -3.82703852254963
411.222785066904   -3.8269760204915
409.42917061163   -3.8268640497791
407.580770806631   -3.82671366307247
406.117193767278   -3.82657773845192
405.489248184817   -3.82651059446343
405.836132981187   -3.82652843324568
406.936883028039   -3.82660357116222
408.324476167442   -3.82667718586365
409.475349035311   -3.82668471377928
410.14644541405   -3.82659800272884
410.624203187177   -3.82645563822398
411.53815617726   -3.82634088729086
413.330422590217   -3.82631353306151
415.864008144759   -3.82636031515636
418.477782369577   -3.82640180414044
420.415622072619   -3.82634749390411
421.329524036959   -3.82615752545131
421.417868200483   -3.82586088576294
421.105790008847   -3.82551240043391
420.701191655614   -3.82515142675048
420.35834944893   -3.82479645653952
420.237057998816   -3.82446710584991
420.633065633115   -3.824200871639
421.923995213535   -3.82404722521449
424.204206059757   -3.82402059377279
426.975370593062   -3.82406131115155
429.435777993892   -3.82407226968688
431.061388394505   -3.82399094128039
431.803732210989   -3.82381504029647
431.803732210989   -3.8238150402965
429.971820839457   -3.82358610589043
428.255642247355   -3.82338524555306
427.376665605292   -3.82330202386661
427.764760521359   -3.82338995700891
429.178860474169   -3.82361950868873
430.778997982561   -3.82388675796264
431.712420848088   -3.82408663996746
431.541043965342   -3.82416624894456
430.207451950151   -3.8241179178946
427.930071867225   -3.82396608194104
425.233245709547   -3.82376958246003
422.929954905561   -3.82362298541486
421.823135213894   -3.82362053758707
422.190750787098   -3.82379270617351
423.498875597089   -3.82406972897034
424.757112742507   -3.82432596215228
425.328602034112   -3.82448207535267
425.352201249992   -3.82455733612396
425.387950545632   -3.82462481352146
425.773898953565   -3.8247292539062
426.27328378215   -3.82484153331346
426.258656191545   -3.82488301924656
425.308384205666   -3.82479944040533
423.70385457647   -3.82462566171234
422.32524511834   -3.82447277480766
422.00514414718   -3.82444724139317
422.980213133163   -3.82458010213347
424.81056302887   -3.82481811707104
426.570360647509   -3.82504644562483
427.264780045864   -3.82514081563924
426.367334718437   -3.82503413473757
424.126267653178   -3.82475622737722
421.43896908102   -3.82441764704107
419.397977427381   -3.82415326498531
418.777673354143   -3.82405873951942
419.657510513874   -3.8241432407058
421.402118455137   -3.82432626978676
423.09860960198   -3.82449388179937
424.066834586897   -3.82456190554439
424.129505670083   -3.82451022172146
423.634457281823   -3.82438353580671
423.129904499292   -3.82425106319577
422.905096422762   -3.82414872220187
422.910436008753   -3.8240695106719
423.029521266781   -3.82399769532093
423.232308348423   -3.82392952671863
423.461581481548   -3.82385853067254
423.565167324941   -3.8237657920762
423.385777287643   -3.82363197520929
422.853535538421   -3.82344861443549
422.036492042373   -3.82322472219155
421.110020532557   -3.82298296657336
420.295415729184   -3.822752409899
419.823649590888   -3.8225639811138
419.904735399654   -3.82244821439171
420.603597321434   -3.8224175120529
421.593089801962   -3.82243518552373
422.166344737832   -3.8224132168195
421.7250835595   -3.82227446206967
420.258683129382   -3.82201458345137
418.373689888477   -3.82170569900018
416.861911320393   -3.82144371762429
416.107036961628   -3.82127358311235
415.853897025957   -3.82115923949616
415.546902172939   -3.82102765268337
414.783915391176   -3.82082554195985
413.470365695293   -3.82053877828512
411.728570625765   -3.82018125017697
409.74176250147   -3.81977391249724
407.765853893068   -3.81934901365235
406.311587135765   -3.81897306833839
406.067903338273   -3.81873752439003
407.444058965552   -3.81870222601127
410.188967447329   -3.81884273491632
413.450432384813   -3.81905703149956
416.291531410163   -3.81922884425031
418.22724240041   -3.81929745382008
419.201795980676   -3.81925406232237
419.200780242347   -3.81909393749333
418.177838804627   -3.81880642141858
416.362736589814   -3.81841653062058
414.428652263007   -3.81800517300244
413.101344533027   -3.81766213387276
412.644137127055   -3.81741882501495
412.938079248662   -3.817261436524
413.807559012159   -3.81717041819201
415.062581836799   -3.81712643868063
416.488266895646   -3.81710611994502
417.899295243293   -3.81708896777756
419.141405597817   -3.81705763823463
420.150742773877   -3.81700455855763
421.065615723315   -3.81694791654001
422.024921986129   -3.81690505863889
422.773742116269   -3.81684263435657
422.826205423483   -3.81669787749672
421.967926053255   -3.81644116329978
420.407509030289   -3.81609635795872
418.639140157499   -3.81572257310823
417.25972187346   -3.8153926102982
416.747326757328   -3.81516540962561
416.747326757328   -3.8151654096256
416.106696600974   -3.81507163121151
416.753165568178   -3.81512199758467
418.506539344277   -3.81529368850737
420.816767181096   -3.81551900490509
423.00823827635   -3.81571597589539
424.678737231208   -3.8158378088296
425.820877005462   -3.81588807187732
426.585269123576   -3.81588965985266
426.939743074749   -3.81584111263556
426.731852724874   -3.81572403838956
426.144481989681   -3.81556181211121
425.811878804807   -3.81543528153073
426.372157212839   -3.81542592151897
427.960164304964   -3.81555281107817
430.113014030016   -3.81575986686667
432.122147274552   -3.8159609690598
433.450387753893   -3.81609173914595
433.938518375321   -3.81613534821403
433.804317066156   -3.81612145838106
433.387363573983   -3.81609515943941
432.781663303723   -3.81606954469824
431.917955363824   -3.81603739044987
431.04302535863   -3.81603311234375
430.759962986268   -3.81613809473548
431.504798377798   -3.81641305339381
433.093740823879   -3.81683791751476
434.868445953206   -3.81732469700711
436.238629527076   -3.81778003748496
436.920108976093   -3.81813784106634
436.794311050607   -3.81835448142657
435.969922854362   -3.81843376024889
434.968981581577   -3.81845201655365
434.515437295283   -3.81851878418936
435.114406934383   -3.81871344055267
436.747696590879   -3.81904541876937
438.790616614812   -3.81944379893325
440.380008588233   -3.81980499703001
441.082731198768   -3.82007738585749
441.148446887286   -3.8202917954455
441.055660299694   -3.82050597454969
440.982545608952   -3.8207365603425
440.784781216232   -3.82095900101563
440.226757776627   -3.82113683605071
439.103379964896   -3.82123985776666
437.384619826996   -3.8212605044656
435.39642800713   -3.82123822948599
433.68073678887   -3.8212413219606
432.565875789269   -3.82131203760289
431.966419663906   -3.82144101323956
431.662856295086   -3.82160170693803
431.60052372104   -3.82178913777166
431.880055769865   -3.82201852395402
432.626721245942   -3.82230833983136
433.74913802639   -3.8226491757905
434.803297772487   -3.82298658011817
435.180067585333   -3.82324320429375
434.398269543591   -3.82335580214391
432.28578849755   -3.82329820278884
429.10992610503   -3.82309767117823
425.584547765116   -3.82283906457322
422.596913714232   -3.8226309780414
420.774863778248   -3.8225517169177
420.238376071435   -3.82261650562826
420.752448303122   -3.82279796691778
421.94706886295   -3.82305231757646
423.296411518156   -3.82331609085036
424.224972876946   -3.82351949204313
424.458638190349   -3.82362985033699
424.136260162418   -3.82366620514804
423.543288528678   -3.82366449948259
422.923356978229   -3.82365536411548
422.570344675261   -3.82367569388846
422.8641807668   -3.82377347257606
424.011744912638   -3.82397687032569
425.722734690611   -3.82425105245466
427.31427260671   -3.82451272952926
428.222401493054   -3.82469239176146
428.287363365696   -3.82477196032892
427.669224172616   -3.8247722064436
426.757226745491   -3.82474196131207
426.005008934894   -3.82473616749152
425.555665621398   -3.82477264091958
425.171712280654   -3.82481806221869
424.653578859243   -3.82484561132325
424.049846759575   -3.82486040978469
423.478367360723   -3.8248757697897
423.034040380558   -3.82490283808564
422.849493101117   -3.82495783516026
423.045823861656   -3.82505602445825
423.49293052814   -3.82518135365139
423.740286788931   -3.82527710002842
423.288023940574   -3.82527874482571
421.91910462672   -3.82515786911308
419.835174958243   -3.82493659838166
417.528145233777   -3.82467365706174
415.56115841168   -3.82443592717153
414.454732525126   -3.82428611368789
414.530983308799   -3.82426207699239
415.724554496156   -3.8243546360673
417.669383843985   -3.82451883514286
417.669383843985   -3.82451883514286
419.192322217307   -3.82470688592607
420.650209970403   -3.82487112267457
421.478648175926   -3.82494116402513
421.118216534196   -3.82484623023858
419.552786885213   -3.82458226628772
417.603163094897   -3.82425068899119
416.527736318771   -3.82400821810541
417.312294359375   -3.82397904275453
420.127979466244   -3.82418755266801
424.126930327035   -3.82453478561943
427.814825468913   -3.82484341104247
429.872010808271   -3.82495809329923
429.82621907642   -3.82482684040221
428.205649538046   -3.8245174153093
426.175817017568   -3.82417532411244
424.805690241802   -3.82393055632075
424.40195918488   -3.8238172729446
424.512313557469   -3.82377474928527
424.570126647275   -3.82372764279472
424.468769505428   -3.82366166194595
424.498546588381   -3.82361266896552
424.773956542708   -3.82359452872865
424.843310828581   -3.82354838235201
423.954791394976   -3.82337640858099
421.764755205519   -3.82303084683921
418.854048466662   -3.82258154456477
416.501817556893   -3.82218730827236
415.863517606099   -3.82199287987307
417.285853258214   -3.82204275898551
420.230666933958   -3.82227378663753
423.65779735131   -3.82256167717927
426.566876686877   -3.82278827514721
428.355590291718   -3.82288375420997
428.845007083097   -3.82282845031608
428.237753692842   -3.82264693643211
427.054358710383   -3.82240171039789
425.841205845313   -3.82215807416051
424.914174427452   -3.82195195064531
424.430153997134   -3.82179977637535
424.45662765822   -3.82170862722773
424.954386749328   -3.82167251392858
425.885201044223   -3.82168725912032
427.239755665574   -3.82175384303307
428.847958707718   -3.82185337777937
430.264160433637   -3.82193143586935
430.940336487714   -3.8219203071542
430.619002116988   -3.82178744549022
429.622459797706   -3.82157202338323
428.630953527458   -3.82135985784874
428.112868418362   -3.82120761054548
428.03867762347   -3.82110946946244
428.068375195233   -3.82102123795974
427.877415101227   -3.82090028646049
427.323173759132   -3.82072836761881
426.481030010889   -3.82051372805976
425.65282908812   -3.82029410069929
425.145590102904   -3.82010812752739
424.891841131607   -3.81994707784377
424.41383511539   -3.81975080714456
423.239295470321   -3.81945904639602
421.414674231714   -3.81907791176541
419.631219214032   -3.8186959292726
418.715832329048   -3.81841935220057
418.985873969821   -3.81829037692067
420.14414993952   -3.81827369043993
421.662625102713   -3.8183049954222
423.170901566043   -3.81833967718881
424.552242470835   -3.81836353389598
425.799775886941   -3.81837522835715
426.941579283153   -3.81837795535413
428.03727026767   -3.81837853343026
428.96573142671   -3.81836077770693
429.193768750819   -3.81825535947659
428.094636919121   -3.81797946242823
425.682629425068   -3.81753112896142
422.82868781868   -3.81701658950512
420.690023991074   -3.81657980769315
420.003617761331   -3.81631265282652
420.828777565854   -3.81622449697604
422.772159230543   -3.81627094864705
425.282697821347   -3.81638880921293
427.726520656398   -3.81650416639431
429.415804077162   -3.81653325209664
429.809558148803   -3.81640729071107
428.801280236482   -3.81610985612656
426.847428233135   -3.81569464928161
424.800281960531   -3.81526427763694
423.603544148329   -3.81493546005578
424.003986472324   -3.81480186902658
426.195465054896   -3.81489078457847
429.55563555547   -3.8151277217797
432.971423481292   -3.81537771229143
435.614749924439   -3.81554019330625
437.322449194522   -3.81559829352379
438.311681803305   -3.81558024708837
438.792562175556   -3.81551185112353
438.902287087274   -3.81540895311362
438.76964419364   -3.8152859854225
438.545962549526   -3.81515976679284
438.439246034047   -3.81505514343533
438.672915224132   -3.81499919577359
439.305404012093   -3.81499915695443
440.109183228098   -3.81502635679366
440.790651795913   -3.81504439913514
441.25428618661   -3.81504124669793
441.519181061657   -3.8150205359944
441.630347804095   -3.81498823097762
441.82555494915   -3.81497477827908
442.503487112709   -3.8150323104977
443.687093767878   -3.81516457141735
444.722046853458   -3.81529062469651
444.871010749411   -3.81531673316084
444.096329621721   -3.81523888503775
443.162673018037   -3.81515452249324
443.039457741545   -3.81518624285574
444.162714535082   -3.81539099842495
446.172232792102   -3.81572471573095
448.205497293774   -3.81608115103808
449.49934271613   -3.81636616575847
449.896353659394   -3.81656140610399
449.751109287444   -3.81671020325956
449.382114840907   -3.81684854352222
448.768005517497   -3.81696547836444
447.790134992548   -3.81703628976293
446.651105752747   -3.81707983551392
445.782711795102   -3.81714562640108
445.387588422421   -3.81725852870491
445.377646581609   -3.81740800991679
445.553110549769   -3.81757067830161
445.708872383543   -3.81772383556372
445.870950260037   -3.81787311807887
446.381278084335   -3.81806514295482
447.515759506266   -3.81833833505907
449.106535156471   -3.81867478063426
450.624097890078   -3.81901021148652
451.488416950443   -3.819272103761
451.344210943414   -3.81941495372092
450.28413197034   -3.81944749733843
448.9029461888   -3.81944158549426
448.041154118798   -3.81950040949738
448.295594206054   -3.81969844445523
449.649001604251   -3.82003440306791
451.4952661597   -3.82043411926336
452.905171324939   -3.82078109083403
452.990406661551   -3.82096336464927
451.411771314198   -3.82093475132469
448.658798627269   -3.8207532708622
445.686677346826   -3.82053444296702
443.326956263311   -3.82038046102457
441.976131068068   -3.82033966618904
441.605743967971   -3.82040798332045
441.982570499461   -3.82055787283502
442.809080503273   -3.82075411966643
443.597045074726   -3.82093745298941
443.730751535417   -3.82103104471571
442.864671830485   -3.82099133323832
441.157542360707   -3.8208363054808
439.220526040091   -3.82064134974137
437.88299482339   -3.82050951097735
437.71254060685   -3.8205105221147
438.609563021677   -3.82063139977181
439.826845618421   -3.82077736129952
440.441420376768   -3.82083085909917
439.877799608124   -3.82071816822643
438.189330929108   -3.82044418410483
436.231427767402   -3.82011450455123
435.461937255877   -3.81991258762847
437.064329998968   -3.81998935702058
440.949562751396   -3.82033853417652
445.676358001136   -3.82078557183815
449.516078140402   -3.82112279020139
451.55908734667   -3.82124523184448
451.925731017122   -3.82117410998677
451.269192331769   -3.82099331978638
450.202378525242   -3.82077835276401
449.116857767824   -3.82057518029478
448.209926612699   -3.82040423323184
447.460448201828   -3.82025922784721
446.792927911093   -3.82012745935687
446.328231435414   -3.82002214642045
446.36162231664   -3.81997953904726
447.048780610378   -3.82001913521703
448.19336786376   -3.8201166796102
449.449202029079   -3.82022942783088
450.548364056922   -3.82032533559245
451.341421373608   -3.82038771314483
451.836148231707   -3.82041866206396
452.208508322039   -3.82044195647401
452.540230259954   -3.82046907134208
452.524790655336   -3.82046070995805
451.761676774892   -3.82036545156773
450.312697892935   -3.82018933446959
448.737813197255   -3.82000163538582
447.709855250373   -3.81988516041828
447.654191867004   -3.81989226700307
448.517758532796   -3.82001586492274
449.753512872134   -3.8201868752602
450.651878110353   -3.8203162410717
450.821359874975   -3.82035660891771
450.344472173733   -3.8203197103732
450.344472173733   -3.8203197103732
449.804477984115   -3.8202500805579
449.334458706516   -3.82018905719492
449.057886835023   -3.82015158592992
448.796569442951   -3.82011345990059
448.198481912333   -3.82002820121861
447.160989541529   -3.81988059228941
446.130931461497   -3.81972554900806
445.836861802315   -3.81965376306635
446.772602799658   -3.81972675806867
448.81028795267   -3.81992793653563
451.193694890144   -3.82016313867408
453.067661711445   -3.82032508654751
454.032844531469   -3.82036590188086
454.230502640193   -3.82030614555735
453.983710419157   -3.8201881387326
453.524363526808   -3.82004018578535
453.161043973157   -3.81990076520036
453.286196071467   -3.81981948166035
453.957947346326   -3.81980329579112
454.723065301488   -3.8197959192516
454.959929613635   -3.81971937826176
454.33592509084   -3.81953232610652
452.96655742875   -3.81924980739173
451.218571973332   -3.81891649928136
449.419944244954   -3.81857100654674
447.901747899743   -3.81825238317899
447.256542322191   -3.81803422914025
448.1130565728   -3.81799752670248
450.423143590647   -3.81814067104476
453.194563929202   -3.81834464572934
455.145913187875   -3.81845419705161
455.543417367408   -3.81838175938975
454.423128575117   -3.81813428363297
452.274384189938   -3.81777225031425
449.701109284295   -3.81736706099334
447.302220719653   -3.8169888785812
445.56798496725   -3.8166951552216
444.638226422872   -3.81649940971361
444.200330235225   -3.81635969833061
443.78930887575   -3.81621585213506
443.234657280448   -3.81604593130839
442.758428797719   -3.81587933754871
442.622839866794   -3.81575046733073
442.757419932178   -3.81565191298603
442.844397338837   -3.81554621330955
442.752213042362   -3.81541798844533
442.733470831451   -3.8153012506528
443.11062466665   -3.81523875396577
443.910854444329   -3.8152343103799
444.897526334067   -3.81525846843629
445.756633998203   -3.81527132421971
446.26748760859   -3.81524486435121
446.399589330756   -3.815173848927
446.218988055332   -3.81506497206468
445.819025065614   -3.8149282482086
445.401814126905   -3.81478775148572
445.265168325003   -3.81468008486228
445.57596648164   -3.81462567073713
446.270160343133   -3.81461639394261
447.127038536994   -3.81462568266991
447.806638537848   -3.8146110075342
447.955919866644   -3.81452831082834
447.41743129759   -3.81435740585146
446.386690409468   -3.81412213947427
445.344572391141   -3.81388255252461
444.790166957073   -3.81370062038144
445.033159302271   -3.81361564361856
446.121520920989   -3.8136352703967
447.694678735063   -3.8137159663866
448.920626209461   -3.81375505071539
448.969765165384   -3.81364825859221
447.725969903119   -3.81338094879505
445.963389725332   -3.81305015066949
444.67733945523   -3.81277995427695
444.282066921199   -3.81262103812125
444.665260840471   -3.81255808365461
445.779358888988   -3.81258662295551
447.676274122312   -3.81271680286131
450.03648078541   -3.81291171273094
452.073132105599   -3.81307521164892
453.018252400278   -3.81311207935419
452.701005124194   -3.81300041378976
451.694131422051   -3.81281260794809
450.915529104075   -3.81266308511923
451.091324984299   -3.81264265609291
452.435733565728   -3.81277876172357
454.644961764527   -3.81303462723249
457.122173124496   -3.8133381671284
459.197013723858   -3.81360859327874
460.301121940298   -3.8137772705649
460.214809795563   -3.81381907447173
459.206039179973   -3.81376806403698
457.763479296481   -3.81368459629237
456.202416644067   -3.81360486865294
454.659006398434   -3.81354092674299
453.393987335935   -3.81351956131927
452.77853022639   -3.81358329584878
452.95850636343   -3.81374570963361
453.824147585988   -3.81399066738844
455.136482887439   -3.8142873662137
455.136482887439   -3.81428736621372
457.379522533161   -3.81458554687382
459.061523908998   -3.81483039043076
460.034028097616   -3.81500810533277
460.447404623835   -3.81514165336374
460.61254033254   -3.81527334837168
460.937924788103   -3.8154566350185
461.625963228492   -3.81571664270594
462.369287691857   -3.81600966653585
462.610706214605   -3.81625535764049
462.054722523142   -3.81640193938654
460.772714417022   -3.81644396728443
459.03516547432   -3.81640481175282
457.279956318236   -3.81633727529025
456.100510058839   -3.81632082831088
455.958794503161   -3.81642161652619
456.828320015206   -3.81664450244603
458.137275140714   -3.81692339781783
459.011611530983   -3.81715196189057
458.740139066926   -3.81724285341008
457.190981422505   -3.81717877242193
454.781375765788   -3.81700995188267
452.150730351007   -3.81681256901087
449.963865264516   -3.81666682401269
448.851859574644   -3.81665011187636
449.248033661154   -3.8168176792896
450.997483483356   -3.81715211281386
453.21937681485   -3.81754499241669
454.855774537048   -3.81786644543809
455.355430948726   -3.81804861403767
454.866320294505   -3.81811138642433
453.917594543585   -3.81812167458435
452.924514758385   -3.8181294454161
451.960061528842   -3.81814111289925
451.020740504981   -3.81815259398453
450.422798747764   -3.81820264967361
450.725062101994   -3.81836250108597
452.192134187529   -3.818668089887
454.354979515263   -3.81906282475042
456.134928759623   -3.81941316900462
456.554374691892   -3.81959633563647
455.464294858478   -3.81959271600016
453.601853854353   -3.81949303622618
451.960718711642   -3.81942027012945
451.15216259976   -3.81944905143592
451.204201410361   -3.81958102726685
451.753567069416   -3.8197702758147
452.40803224094   -3.81996803695987
452.873740653006   -3.82013870903318
452.835389010587   -3.82024331278327
452.085940172214   -3.82025482835116
450.807765946608   -3.82019542840979
449.423003994799   -3.82011668502034
448.135137146891   -3.82004217874643
446.915241658624   -3.81996593633293
445.790671385923   -3.81988959968684
444.990373079317   -3.81984133548431
444.869790709714   -3.8198660856255
445.547551493167   -3.81998051905098
446.640254202836   -3.82013701735153
447.452799344816   -3.82024847376245
447.526060605001   -3.82025735604358
447.066794706332   -3.82019093844386
446.784119076497   -3.82013978341259
447.288122315838   -3.8201815224502
448.639891719283   -3.82032527072926
450.362775787549   -3.82051176408473
451.782302677151   -3.82065784666827
452.472500254355   -3.82071144954363
452.516962863486   -3.82068507038816
452.284978060763   -3.82062692516358
452.011025372759   -3.82056674293538
451.777454402598   -3.82051467842787
451.742205584626   -3.82049035964526
452.111950822481   -3.82052035564607
452.961572163447   -3.8206153096677
454.122244793327   -3.82075701415841
455.219777204751   -3.82090076848739
455.904170656667   -3.82100585007563
456.000882160501   -3.82105471600471
455.355177421151   -3.82103098213612
453.707358217337   -3.82090259314862
450.889769914655   -3.82064567075211
447.13379316381   -3.82028280336534
443.166610384185   -3.81989658534742
439.926483555639   -3.81959534387558
438.076308864542   -3.81945431765365
437.73375727375   -3.81948243688973
438.663341245203   -3.81964701844008
440.526557269774   -3.81990537064106
442.812755438575   -3.82019485819555
444.832507638778   -3.82043094871538
446.149306429954   -3.82056046628291
446.933512029072   -3.8206074901401
447.591182450291   -3.82062583164823
448.181911834567   -3.82062428798684
448.386937061506   -3.82056238396246
447.93879521772   -3.82040551260462
447.017493252988   -3.82017619035108
446.215508628732   -3.81994920975015
446.110072390106   -3.819797829273
446.110072390106   -3.81979782927303
445.819853788909   -3.81975476738147
446.376905426224   -3.81981019558259
447.308581307325   -3.81990378585295
447.933049404485   -3.81994881134091
447.95571021048   -3.81990774413901
447.808581500391   -3.81983538933208
448.156794676138   -3.81981614099373
449.118477290379   -3.81986526050363
450.084014926676   -3.81990403125613
450.298416786048   -3.81983576563593
449.562375464833   -3.81963465256181
448.252848583822   -3.8193464339872
446.855614162285   -3.81903011646692
445.734181067658   -3.81872911940411
445.050187380228   -3.81846392406948
444.707197421266   -3.81822483635934
444.565469971266   -3.8180023563531
444.624614019582   -3.81780781263304
444.833356944686   -3.81764647373498
444.914433529605   -3.81748991429204
444.484689006645   -3.81729038853067
443.35828942955   -3.81701941755434
441.84606701784   -3.81670814287919
440.707556884905   -3.81644653354553
440.582870010199   -3.81631028474336
441.491292639413   -3.81629815424352
442.920446892502   -3.81634333216334
444.284845371719   -3.81637192903109
445.392942870937   -3.81636122374617
446.531986216806   -3.81635047376493
448.008030455117   -3.81638111095285
449.704094904077   -3.81644086758032
451.192174541386   -3.81647817121754
452.121439920358   -3.81644969137653
452.363179801214   -3.81633960241885
451.878890992997   -3.81614177091674
450.65683141508   -3.81585225337843
448.904331907898   -3.81549337922014
447.16736960646   -3.8151315496774
446.102154788466   -3.81484700778715
446.229158095499   -3.81470518423258
447.813923349258   -3.81474199682778
450.564207862162   -3.81492479491201
453.463586695745   -3.81513049063414
455.315796829974   -3.81521079043232
455.541746021332   -3.81509500752535
454.388497859513   -3.81481362740471
452.567115687384   -3.81445372845333
450.862347096847   -3.81410995910753
449.842214019527   -3.81385095894933
449.652246891401   -3.81369238462557
450.023241124045   -3.81359862233586
450.506199406353   -3.81351298556114
450.789369291629   -3.81339709827657
450.794601629326   -3.81324255913252
450.497824104448   -3.81304733030828
449.919190361133   -3.81281378356154
449.395007853497   -3.81258482536683
449.593728517486   -3.81244655004838
450.983744939033   -3.81246062635962
453.240912970676   -3.81258848908169
455.403204635763   -3.81271100548588
456.833399129092   -3.81274939610306
457.905939907815   -3.81275392748978
459.490029271015   -3.81283715046144
461.877510838676   -3.81303749765506
464.492360902618   -3.81328394630033
466.364422890863   -3.8134548083611
466.622494501577   -3.81344003137977
464.84502166558   -3.81318407529726
461.34936672227   -3.81272183843524
457.264600225928   -3.81219014994933
454.132093358567   -3.81177727923118
453.099178153717   -3.81162343308241
454.157369467621   -3.81172418517474
456.093602136636   -3.81192379306918
457.394837016744   -3.81203086791027
457.325127439608   -3.81195284715534
456.246707555658   -3.81173588371877
455.149749107115   -3.81150492468195
455.00177769057   -3.81138292138965
456.308691230117   -3.81143398945196
458.884419757392   -3.81163832867271
461.989804766722   -3.81190756928142
464.903210507345   -3.81215796846518
467.356057971018   -3.81236299403667
469.418240175835   -3.81253774347273
471.139943170769   -3.81269344570385
472.450742156366   -3.81282417527278
473.428373287946   -3.81294255557313
474.344334164664   -3.81308512635714
475.252737957015   -3.81326129515124
475.735846094182   -3.81341923966775
475.190314574938   -3.81348139623082
473.445905226737   -3.81342120083687
471.113032939615   -3.81330757868501
469.164250113984   -3.81325113570353
468.156494570763   -3.81331077538061
467.987271075726   -3.81346361310248
468.213913772873   -3.81364932069732
468.490344549561   -3.81382351378687
468.811257981528   -3.81398927030393
469.28978310093   -3.81416525058792
469.738798964584   -3.81433211324282
469.721036718284   -3.81443762992324
468.943973133946   -3.81444537171224
467.410309744876   -3.81435576903091
465.333063075167   -3.81419349876894
463.160539441738   -3.81401293751699
461.661549880144   -3.81391009268263
461.628571270129   -3.81398576560342
463.206310446095   -3.81426020840282
465.533578371339   -3.81462735232177
467.319547990821   -3.81492587882823
467.824271670106   -3.81506479259972
467.17846201842   -3.81506238964643
466.103484628317   -3.81501011667607
465.492020957266   -3.81502020212856
465.909107916628   -3.8151644141134
467.309990647418   -3.81543789018092
469.109159404935   -3.81576822742643
470.391551892408   -3.81604104391621
470.313480947359   -3.81614897748964
468.749682820287   -3.81607442305651
466.556821924325   -3.81592192884307
464.989234025961   -3.81584669376846
464.895845594658   -3.81595353679983
466.39884329003   -3.81625821185757
468.96843487933   -3.81669552095731
471.682207422866   -3.81715284603287
473.555843565673   -3.81750829299258
473.887907230302   -3.81767456877863
472.569047202888   -3.81763561143498
470.165744581721   -3.81745869152389
467.634683366005   -3.81725955723188
465.793631638096   -3.81713715663554
464.990544911932   -3.81713248992403
465.120437753042   -3.81723228553541
465.769765434158   -3.81738495113452
466.482392069323   -3.81753512139882
466.907276115893   -3.81763981601445
466.790563444802   -3.81766816309952
466.094371469051   -3.81761570806291
465.069355735222   -3.81751359057358
464.136428958011   -3.81741429527094
463.645775063072   -3.81736115595266
463.606274321307   -3.81735441156336
463.819075828409   -3.81736835655884
464.293687393883   -3.81740424164868
465.275965624192   -3.81749528140106
466.924783246376   -3.81766369129098
468.98615270242   -3.81787993187346
470.748112618602   -3.81805691687042
471.521624988938   -3.81810873228266
471.274133829664   -3.8180330029713
470.651447048591   -3.81791230783715
470.287546791937   -3.81782575093684
470.335000384593   -3.81779176847488
470.62912821914   -3.81778806185347
470.899891239464   -3.81777959907117
470.76545589119   -3.81771572533822
469.858091341241   -3.81754754896646
468.247386998847   -3.81727900012082
466.674308590484   -3.81699859981268
466.23923012858   -3.81684005006042
467.68319045544   -3.81689171016921
470.794053316801   -3.81712462357056
474.494879426682   -3.81740658936809
477.382285168936   -3.81757003533588
478.211019176685   -3.81747108544888
476.456224866752   -3.81705365323323
472.852499223115   -3.81641601787391
469.178242556799   -3.81578293399394
467.108487715464   -3.81536462263463
467.285150498971   -3.81524111280918
469.448468694046   -3.81538029849189
472.869411525179   -3.81569415353223
476.504571466097   -3.81605509736789
479.314793115732   -3.81633514705457
480.813033054186   -3.81647398268152
481.190840387459   -3.81649496305621
480.91215509568   -3.81645569311439
480.309272841819   -3.81639526597999
479.518075841091   -3.81632704734157
478.547949362962   -3.81624962094376
477.313260940415   -3.81614808868348
475.814565395053   -3.81601863181165
474.364461909116   -3.81589781989632
473.430312901582   -3.81584275864682
473.195212314606   -3.81587482941937
473.336171181146   -3.81595153646531
473.130743272665   -3.81598049256619
471.847647372702   -3.81586591619399
469.26384702452   -3.81557557026544
465.907717074156   -3.81517176859235
462.841625157777   -3.81478390865678
461.190162228313   -3.8145497984206
461.605760247131   -3.81454902610991
463.8840152639   -3.81475462594161
467.111024019644   -3.81505233185534
467.111024019644   -3.81505233185535
469.199197734478   -3.81531303796048
470.491325689842   -3.81545528709162
470.785505669389   -3.81545627994079
470.227595288479   -3.81533505248062
469.139477304538   -3.81513103785938
467.870076796029   -3.814885742591
466.668294083398   -3.81462697520798
465.570643765431   -3.81435619873385
464.523536619331   -3.81406323053093
463.77516114168   -3.81378100061382
463.909249493646   -3.81359058399207
465.291547353956   -3.81355043114664
467.605656215066   -3.8136366056606
469.983129729791   -3.81375324882788
471.592508213531   -3.81380180442787
472.153194961804   -3.813745620406
471.966467857578   -3.8136166748581
471.600230672284   -3.81348015982642
471.467887993253   -3.81338256455838
471.548080219087   -3.81331600434835
471.558835422557   -3.8132414806564
471.334010150956   -3.81313473967328
470.893471114259   -3.81299627304162
470.277295361779   -3.8128299982233
469.523401572762   -3.81263828324838
468.760465468654   -3.81243542390516
468.211050901755   -3.81224787023926
468.127396058564   -3.81210797236519
468.623361524673   -3.81203094991744
469.598543182411   -3.81200701511924
470.983949731133   -3.81203062284424
472.804035555491   -3.81211092499337
474.857348091773   -3.81222707121267
476.678795629234   -3.81232441455417
477.886809512271   -3.81235747631028
478.337974671056   -3.81230924576121
477.972167620724   -3.81217107009424
476.721118919826   -3.81193173880324
474.630670236712   -3.81159237495723
472.020441073983   -3.81118797845407
469.541491078074   -3.81079555723275
468.011407645625   -3.81051477401261
468.065530737876   -3.81042339977596
469.82244323226   -3.81053729254173
472.656442172972   -3.81078027116653
475.536730753003   -3.81102710318563
477.790947078008   -3.81119877604393
479.234127250226   -3.8112777945273
479.816005827337   -3.81126125335532
479.613573484561   -3.81115991672176
479.001666035084   -3.81102044911162
478.447585746982   -3.81090101594051
478.072147154936   -3.81081531295722
477.613616337323   -3.81072744141815
476.829431706326   -3.81060412672911
475.717091940058   -3.81044339973128
474.478780905904   -3.81026814421911
473.463637776946   -3.81012046902414
472.887992427376   -3.81002503300293
472.667733779879   -3.80996923101743
472.781498877284   -3.80994931528195
473.515362519012   -3.81000188499404
475.169783163407   -3.81016588545011
477.621233064652   -3.8104289905116
480.237590642906   -3.81071467781453
482.28030132958   -3.81093429174263
483.327517167575   -3.81103886428083
483.354950223491   -3.81103042359757
482.656355503316   -3.81094983130924
481.746314828087   -3.81086535534491
481.134082762022   -3.81084600110456
480.91413116446   -3.81090756851078
480.579990402922   -3.81098930457182
479.530346172156   -3.81101587057344
477.763936032772   -3.81098379029202
475.890134036498   -3.81096033074458
474.500261866719   -3.81100639036916
473.702081878254   -3.81112045234187
473.234361052977   -3.81125774879439
472.774232920739   -3.81137047819597
472.076565293958   -3.81142524442718
471.157469176492   -3.81142476720104
470.463400524625   -3.8114288988707
470.571327722535   -3.81151438020657
471.698192571158   -3.81171383181927
473.633580801822   -3.81200473892916
475.987895687588   -3.81234354979043
478.297171004182   -3.8126772808271
479.963969195876   -3.81293422527412
480.310161088884   -3.81303122002172
478.901067574653   -3.81291333362947
476.065865594443   -3.81261887134536
473.095944994171   -3.81230787973925
471.645770776902   -3.81218738488014
472.717411441131   -3.81238395941332
476.097374627404   -3.81287361116486
480.492653058751   -3.81349857994813
484.159872164534   -3.81404433565087
485.764287390466   -3.81434834600748
484.965536454322   -3.81437053461357
484.965536454322   -3.81437053461355
483.351653808959   -3.8141747444152
480.746257546368   -3.81387264588652
478.198138995558   -3.81359361057078
476.523795503196   -3.8134373195257
475.993940339452   -3.81343488407887
476.314869533552   -3.81354798557961
476.843497233862   -3.81369468388249
476.93574667978   -3.81379345607884
476.175461288291   -3.81379176740923
474.430230344565   -3.81367071014063
472.039521158993   -3.81346975382441
469.928574770925   -3.81330289106254
469.087638601686   -3.81329264469198
469.801159035995   -3.81347409360294
471.560726574478   -3.81378315361808
473.6640615652   -3.81413418337423
475.663445851873   -3.81447500623695
477.36164825648   -3.81478731112745
478.737122426766   -3.81507526875271
479.851236550967   -3.81535329565312
480.565877635039   -3.81560963676177
480.559917809823   -3.81580587061193
479.814378168639   -3.8159364156104
478.855034608919   -3.81605721839317
478.257387698814   -3.81622442959909
477.951041499273   -3.81641056040142
477.286285283947   -3.81651791133669
475.869803417391   -3.81649015832342
474.078433871392   -3.81637664259977
472.613696874155   -3.81627358252949
471.895804562522   -3.81624156833192
472.074360012926   -3.81630629173702
473.188124926243   -3.81647855112985
474.985822256534   -3.81673143440711
476.683680068268   -3.81696972254502
477.204468120477   -3.8170585254884
475.868044815229   -3.81691139537211
472.871611402297   -3.8165503153809
469.150361805248   -3.81608955678765
465.874649304017   -3.81567132392731
464.051609465426   -3.8154178499941
464.270653118318   -3.81540106411509
466.502767552161   -3.81561647430999
470.183359345243   -3.81599570643538
474.599206367949   -3.81645570242646
479.11599354571   -3.81692629683347
483.058743461996   -3.81733218825235
485.731047036779   -3.8175944582554
486.732937918325   -3.81766872035192
486.050071025744   -3.81755577094205
483.795091013411   -3.81726845991779
480.103912137498   -3.81681853211683
475.379656549235   -3.81624906038536
470.439195706142   -3.81565358149469
466.3692464796   -3.81516018801281
464.193995648571   -3.81489136481362
464.431746106508   -3.81490740700044
466.772046134009   -3.81516692826874
470.248592313248   -3.81554810459673
473.836574383835   -3.81592557893789
476.786702034723   -3.81620995982439
478.479252811878   -3.81632863327363
478.522244662594   -3.81623625735623
477.238409429221   -3.81597468039897
475.692422146393   -3.81567882471667
474.900329358687   -3.81547652502774
475.025361540373   -3.81538625622302
475.487962316244   -3.81533288379579
475.731726479032   -3.81524583649879
475.683296765178   -3.8151164963268
475.608628999123   -3.81498030358376
475.740872727448   -3.81486770174599
476.085474257162   -3.81478101745958
476.534292850216   -3.81470809270935
477.148516096694   -3.81466033505209
478.191071988883   -3.81467397127069
479.693168617356   -3.81475691634815
481.244475972696   -3.81486091319472
482.420386932081   -3.81493454590534
483.077861380863   -3.81496254808753
483.183667248034   -3.81494192481828
482.6952119844   -3.81486673916185
481.753521580868   -3.81475301815497
480.787107772436   -3.81465337068438
480.193894221474   -3.81461692377488
479.866433658521   -3.81462850122439
479.202997829334   -3.8146101041212
477.769913758331   -3.81450357633579
475.800024774783   -3.8143363153619
473.872207425383   -3.81417865438194
472.326517316532   -3.81407054739811
471.106255438168   -3.81400112986432
469.887849797483   -3.81392654911748
468.350359950337   -3.81380262483824
466.64831389054   -3.81364704860874
465.605973344106   -3.8135633672105
466.164383432491   -3.81367023511544
468.559520065363   -3.8139990284061
472.022691869294   -3.81445346846692
475.157002200289   -3.81485879554855
475.157002200289   -3.81485879554852
476.627617026017   -3.81504972691604
475.869544513722   -3.81495614980966
473.389385231976   -3.81464089652495
470.37961647037   -3.81425227339221
467.909448418061   -3.81392023686009
466.447025715609   -3.8136978284508
465.901880968225   -3.81356766092873
465.884238022462   -3.81347513235785
466.051063722533   -3.81337253734335
466.291061196308   -3.8132440008111
466.666944887843   -3.81309903374065
467.30344832364   -3.81296076258371
468.251980388714   -3.81284962194447
469.409147207002   -3.81276987594487
470.60545837414   -3.81271668101724
471.678074877195   -3.81267798053491
472.419388354951   -3.81262759356838
472.654209078306   -3.81253685414015
472.471499258579   -3.81240931337253
472.250504711551   -3.81228609101784
472.354174870054   -3.81220810715777
472.856752676404   -3.81218091546693
473.691244928949   -3.81219447912611
474.958886659297   -3.81226148023605
476.836251571171   -3.81240631728254
479.132380826658   -3.81260703124247
481.185452395864   -3.81278204555857
482.377975697352   -3.81285592512029
482.606483238049   -3.8128167173432
482.117794688927   -3.81269626886002
481.073373304685   -3.81251322628769
479.463122794111   -3.81226307753348
477.310573934407   -3.81194389091683
474.809337341551   -3.81157449455761
472.342415007311   -3.81119749963305
470.4188164447   -3.81087192412892
469.537332633934   -3.81065701459088
469.946439408866   -3.81058203093898
471.496593058028   -3.81062996124962
473.76695825333   -3.81075227271119
476.198288544662   -3.81088674683072
478.193272788549   -3.81096632378026
479.24858138781   -3.81093441679828
479.230712331785   -3.81077829625803
478.581627360854   -3.81055466558937
478.064782942711   -3.81035921702782
478.149394899569   -3.8102499842137
478.693224339415   -3.8102065881699
479.24800584236   -3.8101708336087
479.578407553345   -3.81011150469449
479.903454866718   -3.81005656352745
480.618922694402   -3.81005668036741
481.905124715732   -3.81013467639296
483.681180813885   -3.81028281083192
485.598434109764   -3.81045882218252
487.037001192198   -3.81058581978123
487.433205971722   -3.81059295443435
486.591365542525   -3.81045460665054
484.590472633337   -3.81017799371773
481.766235902683   -3.80980099361661
478.991218880409   -3.80942862717453
477.44176888396   -3.80920555730657
477.725022396422   -3.80920560602896
479.504434997254   -3.80938484703578
481.9928097103   -3.8096449915459
484.570613246027   -3.80991082594356
487.033039075211   -3.81016205551551
489.509284491493   -3.81042130841253
492.196910970053   -3.81072051274623
494.885880519388   -3.81103955334454
496.720202732501   -3.81127661847296
496.696700597398   -3.81130848326008
494.522656382451   -3.81110067272764
491.055816830623   -3.81076179110771
487.896253532965   -3.81049257646039
486.321365820781   -3.81045153295504
486.452598412052   -3.81064869595429
487.418875228585   -3.81096824211254
488.1856120125   -3.81127156916915
488.210478228725   -3.8114818208793
487.545719842794   -3.81159571821806
486.628724182239   -3.81166005144033
486.041566141636   -3.81174287320449
486.22243566302   -3.8118990815959
487.202429073133   -3.81213594801695
488.544561819093   -3.81240246692797
489.536518275486   -3.81261299388515
489.503414462075   -3.81268581940432
488.096031148476   -3.81257709167145
485.544145790737   -3.81231443535557
482.685439423717   -3.81200215641262
480.557649731622   -3.81176977797525
479.725262751888   -3.81168660384986
479.961250464241   -3.81172307035452
480.705643119023   -3.81180845455467
481.748357409653   -3.81191691350783
483.33780322038   -3.81208342722904
485.747370866171   -3.81234641477207
488.885276497809   -3.81269980113492
492.130197369878   -3.81307048669202
494.464815606021   -3.81333483567787
495.113189815334   -3.81339798336486
494.229191539944   -3.81328199869911
492.829032200282   -3.81311570785988
491.971615549485   -3.81303333520046
492.027252436251   -3.81308121459002
492.644993281723   -3.81321425089267
493.231714840194   -3.81335849838487
493.421719434899   -3.81346854795097
493.227910794114   -3.81354802956082
492.830442261117   -3.81362039718789
492.213091246631   -3.81368237768608
491.112872370467   -3.81369632550867
489.321904708458   -3.81362969027898
486.877412359925   -3.81347872064012
483.984250665262   -3.81325912699063
480.966796645936   -3.81300273197102
478.343192362185   -3.81276787416862
476.781741480061   -3.8126358818035
476.772586528637   -3.81266860732394
478.309301751159   -3.81286716964544
480.973678274286   -3.81318233751147
484.25912843434   -3.81355623491843
487.724360849557   -3.81394066236192
490.817116934149   -3.81427294342123
492.748520971299   -3.81445861407596
492.902218479496   -3.81442255971257
491.397991228169   -3.81418017097592
489.099396404614   -3.81383910807328
486.988985684219   -3.813519925203
485.560989194053   -3.81328167413279
484.885223679649   -3.81312983309259
484.97766309679   -3.81306588237345
485.862644822605   -3.81309427258417
487.463453153623   -3.81320865835215
489.504907320196   -3.81337930344077
491.556889939955   -3.81355705073034
493.216622834691   -3.813694953316
494.188729857593   -3.81375875327763
494.289396913552   -3.81372502018266
493.618868980267   -3.8136040324664
492.687614138117   -3.81345805319841
492.109809436172   -3.81336224959668
492.14825448084   -3.81334835605424
492.614906275524   -3.81339107693532
493.003700044024   -3.81342515269843
492.713156488293   -3.81337244046068
491.426848484675   -3.81319100798538
489.436658818293   -3.81291463307346
487.519620973301   -3.81263915498725
486.357638672086   -3.81244772670953
486.170124130302   -3.81236619591128
486.943778656   -3.81239209436731
488.584410897886   -3.81251446586349
490.616807446863   -3.81267639849142
492.102366519573   -3.81276112035737
492.227006573613   -3.81266759938181
490.991354728111   -3.81239644112173
489.280959364936   -3.812059930936
488.289468083399   -3.81180891111287
488.817526781654   -3.81174531682161
490.943481506927   -3.81188187044401
494.027741155271   -3.81214258958218
496.980158070233   -3.81239518549105
498.830776927768   -3.81252144497677
499.278725813763   -3.81248614365581
498.679872234107   -3.81233429626392
497.618303517909   -3.81213750516348
496.509118142132   -3.81194448158347
495.385379690172   -3.8117553453487
494.067520892999   -3.81154301166678
492.630639124244   -3.81131297588696
491.610044145911   -3.81113058677729
491.614478628838   -3.81107178576776
492.656906175923   -3.81113823167524
493.970426026968   -3.81123303072417
494.67199668241   -3.8112449778569
494.535764224767   -3.81114659089462
494.025709093576   -3.81099757594195
493.838556945746   -3.81088688800965
494.465155014161   -3.81087751693973
495.754683555901   -3.81095153159956
497.016143985758   -3.81102236329574
497.761716023398   -3.81103081558186
498.099840835334   -3.81099222480103
498.463509936847   -3.81096324221024
499.025496474016   -3.81096638897724
499.343213308806   -3.81094535184949
498.829510391322   -3.81082366354977
497.566034500481   -3.81061015797355
496.34477563842   -3.81040351315929
495.984670593313   -3.8103065272294
496.849196563655   -3.81036524322881
498.807651334498   -3.81056455050125
501.350409215413   -3.81084331020914
503.737742378552   -3.81111147389226
505.105871946167   -3.81126180373453
504.635245033581   -3.81119032034296
501.93475294801   -3.8108430960621
497.365679961161   -3.81025862780453
497.365679961161   -3.81025862780453
492.061804270264   -3.80956738728593
487.48816625856   -3.80895039484663
485.03686805949   -3.8085760987034
485.448091887012   -3.80853309138477
488.484099713123   -3.80879059255458
492.858448521063   -3.80918906908964
496.727498993494   -3.80950446577053
498.756006849624   -3.809580230671
498.820587093356   -3.80941248846885
497.733178076324   -3.80911127389069
496.473742927242   -3.8088039638578
495.656590680051   -3.80856741200977
495.428136258814   -3.80841920751227
495.613624385535   -3.80833479687949
496.086414756746   -3.80829676582474
496.965839413227   -3.80831935084632
498.32455503096   -3.80841168983841
499.827131129513   -3.80853086941989
500.760622076864   -3.80858614029382
500.47287448865   -3.80849284330817
498.813464370644   -3.80822881763125
496.307733694475   -3.80785639931531
494.090316248407   -3.80751572253776
493.509404754725   -3.80737531715767
495.216784792693   -3.80751798953697
498.557523467203   -3.80786257887215
502.116829025162   -3.80823449006701
504.585591371857   -3.80847272052339
505.096917807018   -3.8084711896919
503.378230999461   -3.80819553139715
499.945420482411   -3.80770763528046
496.093813460312   -3.80716570498648
493.469074882009   -3.80677296498019
493.207747678381   -3.80666926969222
495.266147452476   -3.80684764612047
498.589465287203   -3.80717553458419
501.908981276104   -3.80749748031643
504.349410216253   -3.80770872434309
505.589158879173   -3.80777527309396
505.880619066477   -3.80773270757211
505.683999192544   -3.80764183971419
505.121294520538   -3.80751761106016
504.098638720897   -3.80734628535434
502.797702030649   -3.8071484168646
501.827218651603   -3.80699960241509
501.902782259832   -3.80698956570038
503.271943070546   -3.80715073925242
505.491545800325   -3.80742920944333
507.725149901532   -3.80772369022329
509.218364758713   -3.80794515956772
509.585216311837   -3.8080519402385
508.830170764066   -3.80805298195294
507.286290189776   -3.80799713629743
505.419609544817   -3.80794801339912
503.584381789164   -3.80794783743141
501.943535693456   -3.80800420005522
500.549689247148   -3.80810207931937
499.41609180172   -3.80821824452014
498.35778580827   -3.80831023825632
497.030413760198   -3.8083249555032
495.393344678262   -3.8082573719449
494.01958515406   -3.8081851317608
493.783062750658   -3.80822699932968
495.117679779919   -3.80844630975037
497.694457835283   -3.80880866505298
500.809452392014   -3.80923217206254
503.788887945248   -3.80963845323529
505.983461894217   -3.80995147278551
506.717457430539   -3.81008949352261
505.58963258234   -3.81000191497841
502.93841654317   -3.80972925032151
499.871380083494   -3.80940883929925
497.595695773813   -3.80918911209472
496.675162571517   -3.80913798227751
496.946236451591   -3.80923242334533
497.956583564319   -3.80941461240236
499.313022337519   -3.80963704666287
500.760534109941   -3.80987011811808
501.999694212008   -3.8100792781761
502.551384608399   -3.81020631494294
502.085857730866   -3.8102099250744
500.765110420623   -3.81011110890666
499.187538637137   -3.80998331477749
498.084904068595   -3.80991816957582
498.006090061231   -3.80998429780069
499.133849850194   -3.81020524806946
501.040819621705   -3.81052919271154
502.566581085441   -3.81081164262382
502.522218506839   -3.81090291866457
500.696733413157   -3.81077676683631
497.976904299625   -3.81054305069002
495.573412478796   -3.81035118207949
494.364677849311   -3.81030892538962
494.760867983811   -3.81046572694469
496.553434798802   -3.81079529388537
498.785225201179   -3.81117868588449
500.225837688336   -3.81146269728331
500.096738060172   -3.81155042480299
498.338038679367   -3.81143459620422
495.493204712879   -3.8111809098285
495.493204712879   -3.8111809098285
493.428355668183   -3.81090732617879
492.302892483126   -3.81073837272682
492.656744332561   -3.81074080735173
494.183125842007   -3.81087484854678
495.90624612578   -3.81101711253825
496.771468304164   -3.81103395811859
496.275251591827   -3.81086199460689
494.801894181357   -3.81055023798771
493.454000669066   -3.81023741012536
493.496609950806   -3.81008517792899
495.529911410972   -3.81017400141276
499.086700132039   -3.81045212053615
503.238963966926   -3.81081379570608
507.134647359154   -3.81116474606834
510.013740979321   -3.81141815271489
511.378857080653   -3.81151540901141
511.172536207238   -3.81144825232371
509.716606712254   -3.81125301024024
507.575319823318   -3.81099317618483
505.252463104142   -3.81072579994506
502.992220909987   -3.81047414355498
501.031807962602   -3.81026255379428
499.838560977106   -3.81014680868313
499.87169847007   -3.81018422006833
501.146025856626   -3.81037839299308
503.060398680498   -3.81065501938469
504.742299736715   -3.81090680879984
505.597226564776   -3.8110601673253
505.532715149075   -3.8111050438166
504.805207072321   -3.81107394380376
503.746386800882   -3.81100761335628
502.584968059783   -3.81093281363908
501.403666086371   -3.81085743206914
500.335316596269   -3.81079529822426
499.699136194709   -3.81078576088001
499.650318933248   -3.81084778946866
499.970048203348   -3.81095316211855
500.411620527572   -3.81107170220637
501.02573520301   -3.81121112116345
501.917031170021   -3.81138677045566
502.887329028713   -3.81157540579958
503.562545773224   -3.81173125100917
503.62496591314   -3.8118154561971
502.840498991137   -3.81179700904242
501.197271372796   -3.81167177348132
499.085520933706   -3.81148596991646
497.168260809461   -3.81131991554142
496.016164303003   -3.81124262948789
495.874813208923   -3.81128377985333
496.6070736874   -3.81142535463369
497.632190601039   -3.81159491501336
498.189878769887   -3.8116968477305
497.956050665494   -3.81169115384974
497.338444412404   -3.81163018346712
497.020664101264   -3.81160062286531
497.220938150653   -3.81163086308945
497.558792343876   -3.81167180294308
497.57748012403   -3.81166480324846
497.178503969119   -3.81159692639818
496.64877055985   -3.81150366976815
496.540957855452   -3.81145401574321
497.306850586827   -3.81150406100753
498.703532336528   -3.81162012052024
499.810922714098   -3.81168096090342
499.981779146881   -3.81159735149474
499.565632092272   -3.81140480463517
499.484484208844   -3.8112093070849
500.274209574414   -3.8110711221657
501.679861481929   -3.81096268405257
502.922499246843   -3.81080826270826
503.292629124266   -3.81055138088653
502.782806331308   -3.81021852250516
502.131416729967   -3.80991516576445
502.092635316154   -3.8097357951048
502.801425762595   -3.80969016828476
503.917728011065   -3.80972747928277
505.023502810663   -3.80978874079801
505.704289554832   -3.8098172446919
505.697102199266   -3.80977697424686
505.153265994258   -3.80968442198725
504.467326298662   -3.80958796084726
503.819045895227   -3.80950830533308
503.015797710593   -3.80941824235097
501.770520640323   -3.8092785724144
500.241386113177   -3.80910671952316
499.129088255788   -3.80898954384646
498.974539666975   -3.80899441809308
499.57555709549   -3.80909526482357
500.166469656745   -3.80919398753251
500.117341925501   -3.80921123439606
499.555742219429   -3.80916360432524
499.268537047055   -3.8091511955361
499.914110260001   -3.80925930593916
501.30883115216   -3.80946548664931
502.51518375508   -3.80965258669336
502.771921696962   -3.80972522507489
502.255330442962   -3.80970852801587
501.660318097737   -3.8096919541269
501.31780917464   -3.80971707510184
501.091867827691   -3.80976675688325
